
    K-D Tree approach on Toy Data of size (10K X 100)
    
    Initializing the data, followed by some preprocessing (creating the tree)...
    
Actual Data:-
[[ 10.15958051  41.62956452 -41.81905222 ... -26.81188303  10.56891463
  -60.72388466]
 [-61.58554072  45.13392479  56.98734069 ... -87.54410392  76.84828622
  -10.83796426]
 [-86.29001635 -84.70074354   7.7585316  ...  -1.75937408  34.96198695
   58.17083661]
 ...
 [ 73.86668071 -42.77714472   1.32811768 ...  13.64405666  -7.92473321
   44.60683046]
 [ 40.49648969  -5.42533434   1.57234891 ... -26.07288293  39.54206764
  -40.01624582]
 [ 92.82271293 -23.12717194  65.98455605 ...  86.06749586  60.85963261
   -5.19884201]]

    
    Done.
    
    Creating 10 random query points...
    
Actual Queries:-
[[-3.34861101e+01 -6.26988926e+00 -3.41340002e+01  3.34935743e+01
   5.70673946e+01  7.92193295e+01 -1.56329537e+01  1.81278672e+01
  -9.00666577e+01 -5.70892251e+01  2.64174862e+01 -7.02843045e+01
  -2.99908184e+01  1.71903605e+01 -2.42262974e+00 -3.92817881e+01
   8.39075321e+01 -1.50349423e+01  5.55836948e+00 -7.03526007e+01
  -8.32448007e+01  9.71828567e+01 -6.95286171e+01  6.02028084e+01
   3.50889203e+01 -5.01977633e+01 -6.84992693e+01 -3.87594354e+01
   3.67063665e+01 -7.62709000e+01 -4.37277095e+01  3.83633980e+01
   9.45230560e+01  3.42622263e+01  4.69263379e+01 -9.89704323e+01
   3.75066738e+01  6.46572385e+01 -4.00506805e+01  3.18228139e+01
  -3.33861879e+00 -8.27715975e+01  7.08392666e+01  6.73076499e+01
  -9.76514898e+01  2.87322272e+01  3.39215465e+01  7.64777989e+01
   4.06286719e+01  5.90374777e+01 -3.99581987e+01  1.36275591e+01
   8.67356528e+01  9.31914177e+01 -3.50195765e+01 -3.10789430e+01
  -7.84113716e+01 -5.58003112e+00 -8.51742140e+01  4.77225965e+01
  -2.70019714e+01  3.98709780e+01 -2.29802077e+01  5.67103054e+01
   8.80139425e+01  2.53115232e+00  5.16567723e+01 -9.55133061e+01
   2.45946595e+01  1.34538917e+00  9.15435487e+01  9.04944049e+01
   6.34948648e+01 -2.73640941e+01  2.37314563e+01 -4.32733508e+01
   8.94645345e+01  5.67899679e+01  6.64749175e+01 -2.83393263e+01
  -2.28745151e+01 -9.39503195e+00  2.35431506e+00  8.62488200e+01
  -5.18365534e+01  5.29885824e+01  1.64409223e+01 -4.01579139e+01
   8.22282644e+01 -3.46891431e+01  9.95591886e+01 -4.00519879e+00
   4.34714456e+01 -8.48721772e+01 -4.94305254e+01  4.70560284e+01
   5.60271929e+01 -7.94801117e+01 -8.80466216e+01  2.64465989e+01]
 [-2.27677933e+01 -6.28512735e+01 -1.26007467e+01  9.40616808e+01
  -9.98649158e+01  5.59941860e+01 -7.55538846e+01 -7.65529592e+01
  -6.80454405e+00  9.24726149e+00 -6.95659111e+01  2.21362972e+01
   5.30447874e+01  1.89851474e+01  4.38364307e+01 -4.84852533e+01
  -3.05098043e+01 -3.52509300e+01  3.19422138e+01 -9.14903953e+01
  -6.56307340e+01 -1.33453066e+01  9.35014912e+00 -5.83436073e+01
   4.72447989e+01  4.17876745e+01 -9.81990894e+01 -3.78789361e+01
  -9.39864832e+01  1.57450197e+01  8.45833771e+01  4.93808945e+01
  -7.11857417e+01 -2.76859534e+01  7.86538398e+01 -4.53228347e+01
   2.78208054e+01  3.04629916e+01  7.49557784e+01  4.67155030e+01
  -2.35179209e+01 -4.06172241e+01  6.07909811e+01  5.09519825e+01
  -8.15658663e+01 -8.64255780e+01  9.41451440e+01  7.26948232e+01
   2.01622037e+01  6.20619293e+01 -2.73330886e+01 -2.71796996e+01
   1.38829221e+01 -2.25524454e+01  3.50551145e+01 -2.30787847e+01
   2.87031802e+01 -9.89164573e+01  5.72363476e+01  7.23722503e+00
   1.57044382e+01 -7.19957966e+00  6.33210659e+01 -7.46712912e+01
  -9.08077607e+01  1.43836141e+01  7.25711418e+01 -1.62351606e+01
  -5.79207809e+01  8.33281589e+01 -7.99410867e+01 -2.21656851e+01
   5.53300796e+01 -4.19896218e+01 -7.36760782e+01  5.42323111e+01
   6.39059395e+01  1.38789654e+01 -5.64474452e+00  5.57235560e+01
  -3.50630122e+01 -9.46806245e+01  2.37553546e+01 -8.92902799e+01
   3.17829292e+01 -2.37984595e+01  8.70249281e+01 -8.16944382e+01
  -3.87599152e+01  8.27481794e+01 -2.43478101e+00 -1.83507303e+01
   2.50344622e+01  5.17161967e+01  5.31110907e+01  7.30591037e+01
   1.27279411e+01  5.93813917e+01 -3.09768571e+01  7.18348942e+01]
 [-4.78302990e+01  6.09545814e+01 -5.46578828e+00  9.65336930e+01
   9.94954511e+01 -2.19396331e+00 -4.34828472e+01 -4.58827710e+01
   5.93320534e+01 -9.00470872e+01 -3.70830035e+01 -8.16860428e+01
  -1.72527938e+00  4.32650051e+01  9.18036862e+01 -2.56284440e+01
  -1.60965313e+01 -9.34141203e+01 -4.43360621e+01 -5.63992715e+01
   4.05353436e+01  5.14641958e+01 -4.84485728e+01 -8.06747911e+01
   3.56706776e+01 -9.94768027e+01 -2.75523985e+01 -5.78190191e+01
  -8.70935983e+01  3.20116174e+01  6.84846689e+01 -7.62742304e+01
   9.57063688e+01  3.54554690e+01 -7.66717138e+01  1.62299430e+01
   7.12967991e+00  5.04594509e+00  9.70791820e+01 -3.50944622e+01
   7.37196854e+01  1.63610519e+01 -6.77578794e+01  5.88043748e+01
  -5.39567083e+01 -4.97855082e+01  8.51101192e+01 -3.63317030e+01
   3.62023896e+01  4.48726648e+01 -4.93581023e+01 -9.26439378e+01
   8.71506395e+01 -8.93404307e+00  3.63069886e+01 -6.56320910e+01
   3.11091430e+01 -8.51174326e+01 -7.61601116e+01  9.79819145e+01
   6.02510026e+01  2.80577001e+01  8.11310933e+01  3.30333567e+01
   3.09595363e+01 -7.48698690e+01  5.41829179e+01 -5.80304656e+01
  -1.05747067e+01 -8.41991539e+01 -8.36392542e+01 -5.83641160e+01
   8.91974456e+01 -7.88029695e+01 -2.04638055e+01  5.43339894e+01
  -7.59265136e+01  2.35408833e+01 -3.29765262e+01 -1.95373903e+01
  -7.15933712e+01  4.29350560e+01 -8.62534802e+01 -4.57788932e+01
   5.31143687e+01  7.35450841e+01  8.71039108e+01 -7.69158191e+01
   8.58342741e+01 -1.51345426e+01  7.63204639e+01 -4.02736922e+00
  -6.26172077e+01  1.87460706e+01 -9.83319324e+01  2.97839615e+01
   6.32847010e+01  3.01692203e+01  7.64526467e-01 -4.49934319e+01]
 [-1.92656042e+01  5.31874313e+01  3.80137573e+01  7.33661166e+01
   7.27764251e+01 -3.30912879e+01 -1.74674749e+00  9.23554117e+00
  -8.35327163e+01 -7.46872136e+01 -4.21969966e+01 -9.58218584e+01
   8.79404807e+01 -5.66700072e+01  2.95395560e+01  8.34302823e+01
  -2.42945259e+01 -3.65043405e+01  1.76339552e+01  5.34525728e+01
   2.01877863e+01 -6.22849755e+01  9.19143372e+01 -5.68811103e+01
   6.17360663e+01 -8.90367446e+01 -1.72249290e+01 -8.05674819e+01
  -4.78278074e+01 -5.12955520e+01  9.89110452e+01  4.26414320e+01
  -1.16644822e+01 -5.85136264e+01  2.82657409e+01  4.58888477e+00
   2.43887599e+00  4.36170720e+01  7.18986307e+01  5.32923768e+01
   5.06556164e+01 -1.86108438e+01 -7.30782005e+01 -1.25669792e+01
  -9.61032256e+01  4.64782127e+01  2.16463965e+00 -4.72032536e+01
   2.23646766e+01  7.45083148e+01  3.30765170e+01  9.32495275e+01
   7.49802892e+01  1.30340999e+01  8.54160349e+01 -7.92323141e+01
   5.08701254e+01 -6.96799897e+01 -6.98117900e+01  9.18970757e+01
   8.90074929e+01  9.60931842e+01  1.59274438e+01 -1.34493806e+01
   6.28041172e+01 -5.48920828e+00 -2.22651814e+01 -4.20960238e+01
   5.32187691e+01 -9.75171432e+01 -2.37455827e+01  1.35348415e+01
  -2.40348796e+01 -4.19737111e+01 -5.39661221e+01  1.08029099e+01
  -8.20133989e+01  8.80180213e+01 -3.04206482e+01  7.78161141e+01
   9.54901007e+01  4.35990072e+00 -5.32893583e+01  8.41295825e+01
  -9.50929293e+01 -3.70112123e+01  2.70890485e+01  5.78489867e+01
   9.52338659e+01 -7.43692790e+01  9.27985830e+01  4.62840934e+01
   9.93197571e+01 -7.89164947e+01 -3.16792618e+01  8.62426594e+01
  -6.20311290e+01 -4.33572541e+01  6.40613182e+01 -6.85923149e+01]
 [ 7.51478697e+00  8.78324167e+01 -6.59239663e+01 -3.89025764e+01
  -8.03921882e+01  7.26371600e+01 -9.37249429e+01  5.10474335e+01
  -2.71775228e+01 -4.14837726e+00 -4.77605862e+01  6.05725310e+01
  -6.19639184e+00 -7.10084617e+01  1.58755208e+01 -4.50070961e+01
  -3.65086105e+00  2.15803636e+01  4.25906653e+00 -9.46540800e+01
   9.78858077e+01 -2.88549343e+01  9.66529782e+01  4.72839881e+01
  -4.12294121e+01 -1.56734831e+01 -2.48382675e+01  8.25501276e+01
   9.73475986e+01 -1.63337530e+01 -4.90635576e+01  2.58273241e+01
   5.56394082e+01  1.29912908e+01 -1.88521361e+01  2.82733511e+01
   5.41028075e+01 -9.26236028e+01 -4.16709581e+01 -8.88450140e+01
  -9.63589163e+00 -8.91245404e+01  5.73875209e+01  3.34749522e+01
  -4.79727349e+01 -3.41143365e+01  1.03110225e+01  2.98419218e+01
   5.41696952e+01 -1.10207140e+01 -7.04639195e+01  7.76979938e+01
  -5.82084750e+01  5.23464331e+01 -7.66044011e+01  5.82004980e+01
   6.38510952e+01 -4.01107655e+01  6.14266791e+01  8.32223282e+01
  -9.66436135e+01  9.90661916e+01 -5.75299721e+01 -1.69688005e+01
   3.74268835e+01 -8.07247905e+01  9.34724931e+01  2.47187679e+01
   1.74370915e+01 -2.48435663e+01 -2.94489642e+01  7.42483710e-03
   2.44748092e+01 -6.13194087e+00  5.02963130e+01  2.74124999e+01
   4.02409293e+01  6.75055866e+01 -2.47710266e+01 -9.66370669e+01
   9.04411503e+01  6.90832005e+01 -5.65033512e+01 -5.19512978e+01
  -4.32412770e+01  8.32236185e+00  6.52129232e+01 -1.34898184e+01
   6.24407172e+01 -1.16504200e+01 -6.04088363e+01 -6.30492980e+00
  -7.90297647e+01 -3.81971164e+01  2.86901154e+00  8.03670566e+01
  -7.63190235e+01  8.15239560e+01 -9.61149218e+01 -1.83756158e+01]
 [ 4.31102723e+01 -7.65198685e+01  8.47693538e+01  1.82687247e+01
   5.16935955e+00 -5.64875322e+01 -7.95812803e+01  8.08085962e+01
   8.83398613e+01 -2.21331964e+00 -4.98985461e+01 -7.25439874e+01
  -7.83414109e+01 -7.52951457e+01 -5.18284778e+01 -7.30542515e+01
   7.03494292e+01  3.94577811e+00  8.68198841e+01 -1.25394599e+01
  -6.56250706e+00 -4.66094341e+01  9.52403003e+01 -6.75763273e+01
  -4.14480966e+01  2.98780378e+01 -3.76186523e+01 -8.82950609e+01
   3.88120861e+01 -1.24318271e+00 -9.56967784e+01  2.11771984e+01
  -1.67104901e+01 -5.91889723e+01  2.32053671e+01 -5.66385055e+01
   6.09295871e+01 -6.29517490e+01  2.62308083e+01 -5.41473658e+01
  -7.40125593e+01 -4.81307438e+01 -8.36947368e+01  1.69026202e+01
  -7.06950822e+01 -9.68575050e+01  4.99069584e+01  4.48025149e+01
  -9.21027798e+01 -4.59604492e+01  8.51160451e+01 -6.88027509e+01
  -4.41222655e+01  5.30028532e+01  2.24721668e+01 -1.93991321e+01
  -7.68669823e+01  6.35250486e+00 -3.67237846e+00 -4.53190885e+01
  -4.62730769e+01 -7.21224051e+00 -9.39746051e+01 -2.38971709e+01
   3.52786975e+01 -7.83615087e+01  7.51879765e+00  4.09950655e+01
   3.38221398e+01  6.28510659e+01  1.12011934e+01 -4.71677419e+01
  -8.50762383e+01 -2.53372729e+01  5.49016788e+01 -1.40919429e+01
  -7.01484258e+01  3.00191509e+01  9.90827652e+01  8.71090602e+01
   1.69143477e+01  2.07077668e+01 -1.96194065e+01  2.94255101e+01
   7.82922253e+01  7.80707750e+01  1.48194255e+01  6.27034240e+01
  -5.33992570e+01 -4.58226755e+01  7.42116157e+01  4.42204978e+01
   4.84129263e+01  6.92419807e+01 -6.05125704e+01  4.32452337e+01
  -4.47129706e+01  8.68530983e+01  2.06788699e+00 -5.47765832e+01]
 [ 3.39949677e+01  3.17740755e+01 -2.44693892e+01 -4.48063385e+01
  -6.14806073e+01 -7.06809539e+01  6.92536508e+01 -1.40051314e+00
  -2.38548973e+01 -6.65015986e+01 -2.34691983e+00  3.14039303e+01
  -5.08389248e+01  2.01563326e+01  1.36122477e+01 -9.84599909e+01
   3.43959237e+01  4.30984358e+01 -1.22078539e+00 -8.33530901e+01
  -2.39301361e+01 -3.15893703e+01 -6.92198161e+01  5.15428064e+01
   1.20628404e+01  2.92560634e+01 -2.19826782e+01  8.65651143e+00
  -1.18179757e+01 -1.14537525e+01  4.28088116e+01 -4.46855473e+01
  -4.72859413e+01  3.89824150e+01  7.55179931e+01  3.37782218e+01
   8.64776169e+01 -5.09122702e+01 -9.20613223e+01 -3.75682144e+01
  -6.64475311e+01 -1.06752954e+01 -3.38891007e+01  4.89979039e+00
  -2.49194397e+01  3.27007295e+01  4.37558368e+01 -1.81941927e+01
  -9.86789805e+01 -6.97541058e+00 -8.98378966e+01  3.01541098e+01
  -9.97964756e+01  3.82615279e+01  6.88390312e+01 -3.81549177e+01
   3.59508821e+01 -5.36318088e+01 -9.07242177e+01 -3.91941437e+01
   2.32099226e-01 -5.20385578e+01 -6.09183134e+00  7.51843165e+01
   3.94250835e+00  4.18825723e+01  8.64616049e+01  2.88521246e+01
   9.96733339e+01  7.36372205e+01 -9.76039468e+01 -9.87860482e+01
   8.68427194e+01 -7.10981201e-01  2.47339088e+01  3.82124761e+01
   4.60973466e+01 -7.99091881e+01  4.68790456e+01 -9.55141463e+01
   6.12503396e+00  9.53968218e+01  4.65980953e+01  4.20595983e+01
  -2.98036741e+01  2.00148141e+01  5.81387021e+01 -7.34655683e+01
  -3.71254447e+01  4.38670449e+01 -7.79048559e+01 -4.39570335e+01
   8.60370101e+01  2.55436012e+01  5.09894246e+00 -6.71697066e+01
  -6.87283053e+01  9.56353662e+01  4.64515549e+01 -9.41035184e-01]
 [-6.21237405e+01 -4.23954579e+01 -8.14576376e+00  2.61303103e+00
   5.39585133e+01  6.78076043e+01 -4.61268549e+01  8.88936829e+00
   7.13926578e+01 -1.31884353e+01 -9.31173954e+01 -6.17714802e+00
  -2.80251404e+01  4.26002618e+01  3.68343458e+01  4.10171090e+01
   8.52435486e+00 -3.48287601e+01  3.55941691e+01 -8.98858614e+01
   3.37646644e+01 -2.94013446e+01 -5.76770938e+01 -2.05052419e+01
  -8.40314036e+01  2.62001944e+01 -2.20788680e+01  1.31044594e+01
  -1.69528812e+01  7.69076412e+01  1.75105035e+01  2.60900984e+01
   1.70740860e+01  7.58041749e+01 -2.84641457e+01  6.40384365e+01
   5.92936894e+01  5.96118380e+01 -1.08222961e+01 -6.98169203e+01
  -1.08026197e+01 -1.57679290e+01  7.93560606e+01 -8.75139769e+01
  -1.53050122e+01 -5.42605096e+01 -5.28209282e+01 -3.65963126e+01
  -7.27175283e+01  6.67591037e+00 -3.80595506e+01 -3.80061441e+01
  -8.31274584e+01  8.70511545e+00  4.46772889e+01  1.63911367e+01
   2.84817274e+01 -9.75935990e+01  2.43878886e+01  5.24061447e+00
   5.73083353e+01  4.46023113e+01 -5.59370368e+01  7.11268380e+01
  -2.98974041e+00  4.97364097e+01  4.82031731e+01 -3.64605931e+00
   4.62551648e+01 -8.65075330e+01 -5.13720454e+01  8.39619831e+01
   7.76615021e+01 -4.93570714e+00  3.64025072e+01 -8.29977589e+01
   9.29566807e+01  3.11079255e+01  9.40846429e+01  2.00263914e+01
  -8.67657588e+01 -1.30850507e+01  6.08382038e+01 -3.91900909e+01
   5.91323059e+01 -3.29111632e+01  3.70698800e+01 -5.11973640e+01
   2.34260852e+01 -1.37477490e+01 -6.22507545e+01 -8.56985582e+01
   5.66251746e-01 -6.50677090e+01 -2.28109041e+01  3.03328492e+01
  -7.21080808e+01 -3.46840059e+01 -9.73412325e+01 -4.39498630e+01]
 [-5.84562865e+01 -3.15755012e+01  2.34257060e+01 -6.93819617e+01
   9.68405792e+01 -6.25037164e+01 -9.23050473e+00  3.30254740e+01
  -8.74790841e+01 -3.24370800e+01 -9.22200119e+01  8.61369946e+01
  -6.39535537e+01  4.77340735e+01 -7.84051451e+01 -7.14396388e+01
  -1.27525011e+01 -9.85149106e+00 -5.99300908e+01 -6.61242599e+01
  -9.58217799e+01  1.55515948e+01 -7.94676518e+01 -3.76988730e+01
  -1.75609021e+00 -3.13862596e+01  1.54477715e+01 -1.94283804e+01
  -9.08542958e+01 -5.98613419e+01 -8.30007754e+01  8.34755718e+01
  -5.77923208e+01  4.35232293e+01 -8.20957324e+01 -3.25871191e+01
  -1.10272840e+01  5.86030863e+01  9.93817400e+01  6.64379256e+01
   8.35970462e+01  3.53357139e+01 -9.05490288e+01 -1.15180551e+01
   8.41464428e+01 -7.41213933e+01  3.72309728e+00 -8.32703677e+01
   4.15996993e+01 -8.51471942e+01  4.43060620e+01 -8.32569060e+01
   6.30311136e+01  7.91560117e+01  5.58948191e+01  8.15018360e+01
   1.57081434e+00 -2.49527707e+01  9.15469077e+01 -5.71339028e+01
  -9.04405554e+00  9.05855720e+01  2.18283864e+01 -7.34900120e+01
  -7.24521671e+01 -5.22925080e+01  9.71866519e+01  2.90553986e+01
   9.77716572e+01 -8.80094790e+01 -9.08589611e+01  2.57879795e+01
  -9.82813321e+01 -4.06210833e+01  8.13363821e+01 -5.08056846e+01
   8.93569014e+01 -8.06793937e+01  3.20649300e-01  4.88303276e+01
   1.50008216e+01 -8.76076791e+01  6.09930492e+01 -6.13387206e+01
  -8.92371812e+01  7.11420450e+01 -1.14437738e+01 -3.32431958e+01
  -7.10877695e+01  8.60117664e+01 -3.10992761e+01  2.86903497e+01
   4.46560623e+01  1.44497903e+01 -4.87603389e+01  3.31343997e+01
  -2.21080130e+01  1.33851756e+01  2.52220062e+01  1.66682147e+01]
 [ 3.86188282e+01 -2.67329602e+01 -3.27485550e+01  9.64606705e+01
   3.66447834e+00  1.83200606e+01 -8.48803428e+01 -3.34287103e+01
  -3.10957076e+01 -6.27360573e+01  7.78201008e+01 -3.89646821e+00
  -5.06769617e+01  1.93850077e+01 -4.14517819e+01 -3.73752594e+01
  -8.29350423e+01  7.18801268e+01  5.53175123e+01 -8.81370110e+00
   3.61003546e+01 -4.41028927e+01 -6.63636829e+01  7.84415607e+01
  -1.43516769e+01 -4.28556995e+01  6.01622947e+01  7.29809968e+01
   8.38715657e+01  6.48745463e+01 -2.51752595e+00 -7.93566554e+01
   3.21639872e+01 -1.49328159e+01 -9.33350319e+01  8.60867777e+01
  -9.95494059e+01  4.92816096e+01 -2.25011090e+01  6.52404853e+01
  -6.79904179e+01  5.85974341e+01  6.22824531e+01  3.26477626e+01
  -9.12792404e+01 -2.42140929e+01 -9.02261484e+01 -7.96996109e+01
   6.45803069e+01  8.11503617e+01  4.10249810e+01 -8.46956430e+01
   9.00886664e+01 -8.47200514e+00 -4.07890007e+01  7.82675719e+01
  -4.00836586e+01 -5.85299714e+01  5.71219633e+00  5.61500709e+01
   1.13634281e+00  3.47331187e+01 -8.64700271e+01 -4.99218654e+01
   1.02500634e+01 -3.55471403e+01  4.00147607e+01  7.76531512e+01
  -8.07318082e+01  2.85895064e+01  2.96074133e+01  7.34813753e+01
  -3.38330839e+01  3.80978832e+01 -8.28343542e+01 -6.16750187e+01
   5.40827546e+01 -6.26175817e+01  8.36452008e+01 -4.03899953e+01
  -4.11380790e+01 -4.18069141e+01 -6.79916041e+01 -6.41953887e+01
   6.75866543e+01  6.33079496e+01  8.27776995e+01 -4.08515541e+01
   4.89404060e+01 -6.54647082e+01 -3.81544035e+01 -1.76326588e+01
   4.28455081e+01 -8.96222770e+01  6.95991061e+01  2.61564835e+01
  -9.59773811e+01  9.49595641e+01 -4.08387757e+01 -7.40910552e+01]]


Time taken for query 1 : 0.001222848892211914 




Time taken for query 2 : 0.0005571842193603516 




Time taken for query 3 : 0.0005519390106201172 




Time taken for query 4 : 0.0005161762237548828 




Time taken for query 5 : 0.0004589557647705078 




Time taken for query 6 : 0.00045490264892578125 




Time taken for query 7 : 0.00046324729919433594 




Time taken for query 8 : 0.0004611015319824219 




Time taken for query 9 : 0.0004429817199707031 




Time taken for query 10 : 0.0004401206970214844 


Results of all 10 queries:-
                    0          1          2   ...         97         98         99
query index                                   ...                                 
1     0     -13.855554  91.750884  59.105967  ... -76.455193 -35.221657 -69.977976
      1     -91.984916 -66.386429 -68.049576  ...   3.479385  -5.628315  30.906733
      2     -90.361870 -45.262811 -47.941057  ... -87.239475 -34.126470  22.944113
      3      54.387597  50.698184 -54.943209  ...  10.375429 -30.544685  54.410087
      4     -91.780323 -16.302601 -32.742557  ...  17.180256 -67.480942 -17.594713
...                ...        ...        ...  ...        ...        ...        ...
10    5      99.782726   7.274917 -90.290396  ...  95.511612 -82.667349 -36.336974
      6     -27.036444  51.863514   4.286023  ... -38.151549  13.852507 -66.853706
      7     -27.952008 -16.955660 -47.891120  ... -48.594809 -82.095394 -75.583435
      8     -14.661100  32.531829  -8.706214  ... -32.979512 -86.092344  30.204627
      9      91.771050 -96.574147 -49.902998  ...  74.224193  -3.184941  49.458543

[100 rows x 100 columns]


All runs complete. Execution time details over 10 queries :-
Median                0.000462
Mean                  0.000557
Standard deviation    0.000226
Minima                0.000440
Maxima                0.001223
dtype: float64
